5113
24218
9043
56106
38666
10823
5139
35821
10885
37648
14327
54152
47011
37852
57518
54665
43201
21883
60604
37110
60840
60840
38448
23651
15768
30173
50859
32144
59135
60264
57746
31234
27788
25670
14232
23511
22314
30528
34661
22002
57085
36523
21369
3378
6190
47992
4098
43290
63787
44118
34240
34736
47847
47309
59390
458
52356
27736
27623
35440
35163
63369
9770
63791
27260
2004
43506
38584
43937
55724
15179
63994
26846
245
809
21315
48991
20487
33216
46506
57419
61206
20813
32782
41906
62430
15312
12844
10887
26341
44474
33884
43051
11369
41596
13830
60394
38969
61267
8143
51026
26299
2849
1486
49125
56797
29012
39995
31196
43926
7406
11007
35037
62816
57196
19376
1105
17380
48503
18963
57186
4327
23637
28693
15302
21630
41379
33817
8136
7984
14461
24246
22755
25878
65111
26873
15788
28048
33711
45055
31484
17369
36155
64832
18786
8889
708
23049
18253
9145
23287
43149
7859
11972
46672
30566
62790
51119
31070
20742
31371
32142
48256
55249
49952
16497
40981
36278
63482
12692
55076
12317
7120
2024
4087
5275
40896
1532
21782
5269
17251
4438
60581
34592
38220
64824
42025
59433
28132
18022
17540
59474
41668
9417
40770
60512
16468
11473
34751
3298
55716
20007
55793
24004
28565
22147
33725
44549
12447
39092
3064
4084
37311
39271
21221
51285
53810
6790
55891
17550
51915
3035
43112
969
63634
24925
50642
5696
19819
23987
18937
12977
16689
48231
10146
30315
31701
48185
62064
43735
55389
50228
27025
30644
21997
64855
5435
7510
52821
19767
21993
18354
49007
6078
25257
39995
21576
33982
19841
20833
32273
59980
25577
65204
43649
13523
32088
38320
34324
32585
15367
44845
8221
17712
41132
28516
59410
41780
10640
13145
33885
39855
55823
12330
19496
970
38221
567
61968
39089
30141
30874
31545
24557
31259
36491
36445
49397
44790
2405
62542
52266
44024
24159
56367
45756
1228
8913
48833
36499
39774
47026
35547
3094
48375
4830
48541
42471
55312
9786
39675
10678
8849
51726
55967
9746
46321
29676
240
56461
55595
13175
29341
32233
12228
50311
2121
48674
7703
34975
62248
2357
24285
9909
16715
32157
48939
6498
39069
44812
25939
15915
14831
54018
20194
61970
19709
5504
51570
62884
4116
208
918
12200
10037
44526
27025
62073
57734
56308
2442
55741
50318
1751
42483
28309
43218
60224
65139
17318
14633
5486
56101
28203
65518
59958
25626
47640
18715
29872
21277
20238
7556
37509
44059
33193
58353
50821
1230
2775
42551
19724
36918
20970
1107
12225
37518
39097
40714
50463
25339
65484
47554
61163
56690
49388
57703
63861
2682
27670
42158
30980
40049
19350
17039
22894
38220
15280
35497
35706
7954
18178
9359
41655
30
8989
2329
38887
323
4173
49292
18614
45897
9177
2461
38613
7266
25370
29441
29073
26751
7044
33586
55845
63687
18340
7945
59950
37314
39846
45193
45826
31307
41560
35605
24729
41310
50489
25581
38287
60501
57740
28933
34236
63789
3266
63300
37842
1657
51110
63175
56659
20320
32880
62954
3519
5172
26940
13395
61472
35963
46782
63891
9528
6073
26133
53404
22619
46837
18573
35799
24083
53061
56119
24786
54778
44011
12575
10680
64560
40744
47038
41511
11442
33552
33206
47284
45616
1535
47870
36089
65140
28534
7551
22926
28999
14869
34955
45243
36348
31143
41237
2432
4060
60932
19117
19549
50176
60193
37108
13834
64404
12680
40067
2392
22731
24560
5588
3953
9528
7856
51956
3742
10922
14736
10005
48105
40665
4820
35695
48863
27987
53104
40508
42289
20166
43600
42636
54166
37716
35552
31981
9436
15066
52212
18569
45463
10360
33833
48686
53519
55253
6717
39904
33712
15713
60111
32631
11141
59528
47229
28838
10555
39097
64793
53165
10165
52031
59554
54995
63970
64995
10604
6959
37479
49910
12305
53331
19671
38949
11124
39044
9415
17643
56499
19839
23427
61297
62911
30929
26945
58395
30220
65324
12179
27967
6738
4745
53099
62440
17032
38498
523
12600
24788
28855
20200
979
40407
64800
18609
14792
61817
61089
64587
48218
39847
48212
21180
48271
55360
11398
3561
970
44274
27662
34407
29864
32101
17421
62682
35964
48289
30130
34289
44806
36874
41942
9490
35907
29676
27152
52814
15720
43481
27559
48660
15745
41951
8499
29977
45034
12794
20000
1958
5284
51722
18903
36312
8331
57629
2596
19720
58390
31989
58257
45705
21731
40165
57215
8618
10150
7351
10971
28880
48150
56268
34504
62175
41995
13650
19754
28310
25583
27725
27383
10883
58347
48653
29399
65353
2434
10740
3524
54936
53974
30039
1076
18447
42347
35276
32535
7822
46272
45776
52929
48878
45103
2239
56397
53130
42335
38313
61597
3687
27084
44773
1605
3630
12878
65083
42758
8643
22989
14369
12099
19078
54659
22729
11783
7210
26001
14770
29626
51978
15028
14007
40730
31642
10547
297
18316
10506
22331
48686
20244
8283
59741
6100
18959
14665
4457
50812
52597
31230
40459
58279
39317
42183
34087
2931
1172
12453
49508
322
8990
3131
10787
29520
9813
63529
13582
36857
44675
29684
53828
61611
29643
32662
11241
65186
64003
12589
9338
17014
43325
10564
64057
32876
45219
6829
41179
45463
13068
43546
24622
41435
62751
48211
38911
13457
33662
36002
16222
64021
58952
47700
28044
64473
16135
58939
31608
63443
11854
52756
23740
17998
2455
4808
38589
3203
45350
44210
33246
6863
61977
62384
17180
25124
40206
13985
51462
21116
57908
40933
52396
53463
58276
37191
4679
18151
65250
42972
41411
21635
54489
24749
49861
18563
38541
13431
47170
64983
58248
14327
50472
58803
38453
21958
62414
12777
63803
6845
18209
46460
5530
43318
60144
33689
24124
10888
63462
8596
64871
22789
34918
6799
33085
36460
25277
9067
9674
32756
13026
54577
29807
15633
58224
46840
2645
22216
47196
46363
52386
23840
56059
39972
65076
30289
36012
55654
57625
6200
7098
53985
31233
13321
1732
57233
38262
34706
65351
23231
52697
62082
7648
5460
34249
22187
45661
61034
36415
8545
22040
44853
4707
1396
36828
31174
10733
22450
25985
7098
57009
62025
16980
43317
63723
20103
4545
55735
52405
5161
54466
53590
22895
23430
55577
6126
10467
28266
48744
47366
17479
7443
36982
64655
48307
32509
37093
31742
31162
18836
60089
7036
41020
11186
20756
16307
34663
41024
40411
56416
7280
30377
53830
25101
60968
51761
37059
19234
33997
34064
25650
8364
27306
54266
33840
21496
50908
33769
37029
64612
4899
